   1   1   1   1        2.4349352956        0.0000000000
   2   1   1   1        0.0000009155       -0.0000000002
   3   1   1   1       -0.0000001029        0.0000000000
   4   1   1   1        0.0000000499       -0.0000000000
   5   1   1   1       -0.0000002405        0.0000000001
   1   2   1   1        0.0000009155       -0.0000000001
   2   2   1   1        1.9680000511       -0.0000296733
   3   2   1   1       -0.0000014600        0.0000000001
   4   2   1   1        0.0000010248       -0.0000000369
   5   2   1   1       -0.0870939112        0.0000300580
   1   3   1   1       -0.0000001029        0.0000000000
   2   3   1   1       -0.0000014600        0.0000000003
   3   3   1   1        1.9679997273       -0.0000296733
   4   3   1   1       -0.0870940473        0.0000300581
   5   3   1   1       -0.0000022810        0.0000000373
   1   4   1   1        0.0000000499       -0.0000000000
   2   4   1   1        0.0000010248       -0.0000000370
   3   4   1   1       -0.0870940473        0.0000300595
   4   4   1   1        1.5352653696       -0.0000134226
   5   4   1   1       -0.0000019509        0.0000000011
   1   5   1   1       -0.0000002405       -0.0000000000
   2   5   1   1       -0.0870939112        0.0000300594
   3   5   1   1       -0.0000022810        0.0000000376
   4   5   1   1       -0.0000019509        0.0000000006
   5   5   1   1        1.5352658678       -0.0000134228
   1   1   2   1        0.0000009155        0.0000000002
   2   1   2   1        0.3039055175       -0.0000000000
   3   1   2   1       -0.0000003864        0.0000000007
   4   1   2   1        0.0000014897       -0.0000000159
   5   1   2   1       -0.0501711508       -0.0000001182
   1   2   2   1        0.3039055175        0.0000000003
   2   2   2   1        0.0000008889        0.0000000115
   3   2   2   1        0.0065564517        0.0000002049
   4   2   2   1        0.0941103693        0.0000000026
   5   2   2   1        0.0000007563        0.0000000051
   1   3   2   1       -0.0000003864        0.0000000008
   2   3   2   1        0.0065564517        0.0000002049
   3   3   2   1        0.0000006724       -0.0000000111
   4   3   2   1       -0.0000012086       -0.0000000051
   5   3   2   1        0.0941103600        0.0000000026
   1   4   2   1        0.0000014897       -0.0000000159
   2   4   2   1        0.0941103693        0.0000000026
   3   4   2   1       -0.0000012086       -0.0000000051
   4   4   2   1       -0.0000003466        0.0000000006
   5   4   2   1       -0.0296203132       -0.0000003428
   1   5   2   1       -0.0501711508       -0.0000001179
   2   5   2   1        0.0000007563        0.0000000052
   3   5   2   1        0.0941103600        0.0000000026
   4   5   2   1       -0.0296203132       -0.0000003428
   5   5   2   1        0.0000009585       -0.0000000004
   1   1   3   1       -0.0000001029       -0.0000000000
   2   1   3   1       -0.0000003864       -0.0000000007
   3   1   3   1        0.3039054316       -0.0000000000
   4   1   3   1       -0.0501712001       -0.0000001182
   5   1   3   1       -0.0000019863        0.0000000159
   1   2   3   1       -0.0000003864       -0.0000000007
   2   2   3   1        0.0065564208        0.0000002049
   3   2   3   1        0.0000005789       -0.0000000113
   4   2   3   1       -0.0000012057       -0.0000000051
   5   2   3   1        0.0941103628        0.0000000026
   1   3   3   1        0.3039054316        0.0000000003
   2   3   3   1        0.0000005789       -0.0000000113
   3   3   3   1       -0.0065566066       -0.0000002049
   4   3   3   1       -0.0941102997       -0.0000000026
   5   3   3   1       -0.0000011817       -0.0000000051
   1   4   3   1       -0.0501712001       -0.0000001179
   2   4   3   1       -0.0000012057       -0.0000000051
   3   4   3   1       -0.0941102997       -0.0000000026
   4   4   3   1        0.0296202385        0.0000003428
   5   4   3   1       -0.0000005447        0.0000000005
   1   5   3   1       -0.0000019863        0.0000000160
   2   5   3   1        0.0941103628        0.0000000026
   3   5   3   1       -0.0000011817       -0.0000000052
   4   5   3   1       -0.0000005447        0.0000000005
   5   5   3   1       -0.0296203635       -0.0000003428
   1   1   4   1        0.0000000499        0.0000000000
   2   1   4   1        0.0000014897        0.0000000159
   3   1   4   1       -0.0501712002        0.0000001182
   4   1   4   1        0.4437031888       -0.0000000000
   5   1   4   1       -0.0000012220        0.0000000128
   1   2   4   1        0.0000014897        0.0000000160
   2   2   4   1       -0.2228675450        0.0000002034
   3   2   4   1        0.0000047340       -0.0000000165
   4   2   4   1        0.0000025397        0.0000000055
   5   2   4   1       -0.0219921655        0.0000009755
   1   3   4   1       -0.0501712002        0.0000001180
   2   3   4   1        0.0000047340       -0.0000000164
   3   3   4   1        0.2228675276       -0.0000002035
   4   3   4   1        0.0219921204       -0.0000009755
   5   3   4   1        0.0000022241        0.0000000055
   1   4   4   1        0.4437031888        0.0000000004
   2   4   4   1        0.0000025397        0.0000000054
   3   4   4   1        0.0219921204       -0.0000009754
   4   4   4   1        0.0124847120       -0.0000009804
   5   4   4   1        0.0000017748       -0.0000000182
   1   5   4   1       -0.0000012220        0.0000000127
   2   5   4   1       -0.0219921655        0.0000009754
   3   5   4   1        0.0000022241        0.0000000056
   4   5   4   1        0.0000017748       -0.0000000183
   5   5   4   1       -0.0124847012        0.0000009804
   1   1   5   1       -0.0000002405       -0.0000000001
   2   1   5   1       -0.0501711509        0.0000001182
   3   1   5   1       -0.0000019863       -0.0000000159
   4   1   5   1       -0.0000012220       -0.0000000128
   5   1   5   1        0.4437034580        0.0000000000
   1   2   5   1       -0.0501711509        0.0000001180
   2   2   5   1       -0.0000040696        0.0000000164
   3   2   5   1       -0.2228675945        0.0000002035
   4   2   5   1       -0.0219921534        0.0000009755
   5   2   5   1       -0.0000019380       -0.0000000055
   1   3   5   1       -0.0000019863       -0.0000000159
   2   3   5   1       -0.2228675945        0.0000002035
   3   3   5   1        0.0000044072       -0.0000000166
   4   3   5   1        0.0000023279        0.0000000054
   5   3   5   1       -0.0219921871        0.0000009755
   1   4   5   1       -0.0000012220       -0.0000000127
   2   4   5   1       -0.0219921534        0.0000009754
   3   4   5   1        0.0000023279        0.0000000054
   4   4   5   1        0.0000017826       -0.0000000183
   5   4   5   1       -0.0124847014        0.0000009804
   1   5   5   1        0.4437034580        0.0000000004
   2   5   5   1       -0.0000019380       -0.0000000056
   3   5   5   1       -0.0219921871        0.0000009754
   4   5   5   1       -0.0124847014        0.0000009804
   5   5   5   1       -0.0000019879        0.0000000181
   1   1   1   2        0.0000009155        0.0000000001
   2   1   1   2        0.3039055175       -0.0000000003
   3   1   1   2       -0.0000003864        0.0000000007
   4   1   1   2        0.0000014897       -0.0000000160
   5   1   1   2       -0.0501711508       -0.0000001180
   1   2   1   2        0.3039055175        0.0000000000
   2   2   1   2        0.0000008889        0.0000000115
   3   2   1   2        0.0065564517        0.0000002047
   4   2   1   2        0.0941103693        0.0000000026
   5   2   1   2        0.0000007563        0.0000000052
   1   3   1   2       -0.0000003864        0.0000000008
   2   3   1   2        0.0065564517        0.0000002047
   3   3   1   2        0.0000006724       -0.0000000113
   4   3   1   2       -0.0000012086       -0.0000000051
   5   3   1   2        0.0941103600        0.0000000026
   1   4   1   2        0.0000014897       -0.0000000160
   2   4   1   2        0.0941103693        0.0000000026
   3   4   1   2       -0.0000012086       -0.0000000052
   4   4   1   2       -0.0000003466        0.0000000007
   5   4   1   2       -0.0296203132       -0.0000003428
   1   5   1   2       -0.0501711508       -0.0000001177
   2   5   1   2        0.0000007563        0.0000000052
   3   5   1   2        0.0941103600        0.0000000025
   4   5   1   2       -0.0296203132       -0.0000003428
   5   5   1   2        0.0000009585       -0.0000000003
   1   1   2   2        1.9680000510        0.0000296733
   2   1   2   2        0.0000008889       -0.0000000115
   3   1   2   2        0.0065564208       -0.0000002049
   4   1   2   2       -0.2228675450       -0.0000002034
   5   1   2   2       -0.0000040696       -0.0000000164
   1   2   2   2        0.0000008889       -0.0000000115
   2   2   2   2        2.8545170372        0.0000000000
   3   2   2   2       -0.0000027703        0.0000000182
   4   2   2   2        0.0000018535       -0.0000000348
   5   2   2   2       -0.1638373501        0.0000316182
   1   3   2   2        0.0065564208       -0.0000002047
   2   3   2   2       -0.0000027703        0.0000000185
   3   3   2   2        1.8436285554        0.0000000000
   4   3   2   2       -0.0618582002        0.0000339117
   5   3   2   2       -0.0000021847        0.0000000320
   1   4   2   2       -0.2228675450       -0.0000002037
   2   4   2   2        0.0000018535       -0.0000000349
   3   4   2   2       -0.0618582002        0.0000339131
   4   4   2   2        1.7564893294        0.0000191540
   5   4   2   2       -0.0000035929        0.0000000167
   1   5   2   2       -0.0000040696       -0.0000000164
   2   5   2   2       -0.1638373501        0.0000316202
   3   5   2   2       -0.0000021847        0.0000000323
   4   5   2   2       -0.0000035929        0.0000000162
   5   5   2   2        1.7845697754        0.0000173856
   1   1   3   2       -0.0000014600       -0.0000000001
   2   1   3   2        0.0065564517       -0.0000002049
   3   1   3   2        0.0000005789        0.0000000113
   4   1   3   2        0.0000047340        0.0000000165
   5   1   3   2       -0.2228675945       -0.0000002035
   1   2   3   2        0.0065564517       -0.0000002047
   2   2   3   2       -0.0000027703       -0.0000000182
   3   2   3   2        0.5054439050        0.0000000000
   4   2   3   2       -0.0509897094       -0.0000011468
   5   2   3   2       -0.0000008575        0.0000000014
   1   3   3   2        0.0000005789        0.0000000113
   2   3   3   2        0.5054439050        0.0000000000
   3   3   3   2       -0.0000029789        0.0000000182
   4   3   3   2        0.0000008095       -0.0000000015
   5   3   3   2       -0.0509896387       -0.0000011467
   1   4   3   2        0.0000047340        0.0000000165
   2   4   3   2       -0.0509897094       -0.0000011465
   3   4   3   2        0.0000008095       -0.0000000016
   4   4   3   2       -0.0000025810        0.0000000154
   5   4   3   2        0.0140399190       -0.0000008841
   1   5   3   2       -0.2228675945       -0.0000002037
   2   5   3   2       -0.0000008575        0.0000000016
   3   5   3   2       -0.0509896387       -0.0000011464
   4   5   3   2        0.0140399190       -0.0000008841
   5   5   3   2       -0.0000004991       -0.0000000157
   1   1   4   2        0.0000010248        0.0000000369
   2   1   4   2        0.0941103694       -0.0000000026
   3   1   4   2       -0.0000012057        0.0000000051
   4   1   4   2        0.0000025397       -0.0000000055
   5   1   4   2       -0.0219921534       -0.0000009755
   1   2   4   2        0.0941103694       -0.0000000026
   2   2   4   2        0.0000018535        0.0000000348
   3   2   4   2       -0.0509897094        0.0000011468
   4   2   4   2        0.4488787537       -0.0000000000
   5   2   4   2       -0.0000017454        0.0000000149
   1   3   4   2       -0.0000012057        0.0000000051
   2   3   4   2       -0.0509897094        0.0000011467
   3   3   4   2        0.0000008315        0.0000000317
   4   3   4   2       -0.0000011139       -0.0000000131
   5   3   4   2        0.1985832419       -0.0000000000
   1   4   4   2        0.0000025397       -0.0000000055
   2   4   4   2        0.4488787537       -0.0000000002
   3   4   4   2       -0.0000011139       -0.0000000132
   4   4   4   2        0.0000025912        0.0000000295
   5   4   4   2       -0.0440162475       -0.0000003903
   1   5   4   2       -0.0219921534       -0.0000009753
   2   5   4   2       -0.0000017454        0.0000000149
   3   5   4   2        0.1985832419       -0.0000000001
   4   5   4   2       -0.0440162475       -0.0000003901
   5   5   4   2        0.0000079493        0.0000000256
   1   1   5   2       -0.0870939112       -0.0000300580
   2   1   5   2        0.0000007563       -0.0000000051
   3   1   5   2        0.0941103628       -0.0000000026
   4   1   5   2       -0.0219921654       -0.0000009755
   5   1   5   2       -0.0000019380        0.0000000055
   1   2   5   2        0.0000007563       -0.0000000052
   2   2   5   2       -0.1638373500       -0.0000316182
   3   2   5   2       -0.0000008575       -0.0000000014
   4   2   5   2       -0.0000017454       -0.0000000149
   5   2   5   2        0.4702058051       -0.0000000000
   1   3   5   2        0.0941103628       -0.0000000026
   2   3   5   2       -0.0000008575       -0.0000000016
   3   3   5   2       -0.0618579750       -0.0000339117
   4   3   5   2       -0.1772563769       -0.0000000000
   5   3   5   2       -0.0000002674       -0.0000000132
   1   4   5   2       -0.0219921654       -0.0000009753
   2   4   5   2       -0.0000017454       -0.0000000149
   3   4   5   2       -0.1772563769       -0.0000000001
   4   4   5   2       -0.0690626215       -0.0000353202
   5   4   5   2       -0.0000022846        0.0000000020
   1   5   5   2       -0.0000019380        0.0000000055
   2   5   5   2        0.4702058051       -0.0000000003
   3   5   5   2       -0.0000002674       -0.0000000134
   4   5   5   2       -0.0000022846        0.0000000019
   5   5   5   2       -0.1570952016       -0.0000361007
   1   1   1   3       -0.0000001029       -0.0000000000
   2   1   1   3       -0.0000003864       -0.0000000008
   3   1   1   3        0.3039054316       -0.0000000003
   4   1   1   3       -0.0501712001       -0.0000001180
   5   1   1   3       -0.0000019863        0.0000000159
   1   2   1   3       -0.0000003864       -0.0000000008
   2   2   1   3        0.0065564208        0.0000002047
   3   2   1   3        0.0000005789       -0.0000000113
   4   2   1   3       -0.0000012057       -0.0000000051
   5   2   1   3        0.0941103628        0.0000000026
   1   3   1   3        0.3039054316        0.0000000000
   2   3   1   3        0.0000005789       -0.0000000114
   3   3   1   3       -0.0065566066       -0.0000002047
   4   3   1   3       -0.0941102997       -0.0000000026
   5   3   1   3       -0.0000011817       -0.0000000051
   1   4   1   3       -0.0501712001       -0.0000001177
   2   4   1   3       -0.0000012057       -0.0000000051
   3   4   1   3       -0.0941102997       -0.0000000025
   4   4   1   3        0.0296202385        0.0000003428
   5   4   1   3       -0.0000005447        0.0000000005
   1   5   1   3       -0.0000019863        0.0000000160
   2   5   1   3        0.0941103628        0.0000000025
   3   5   1   3       -0.0000011817       -0.0000000052
   4   5   1   3       -0.0000005447        0.0000000005
   5   5   1   3       -0.0296203635       -0.0000003428
   1   1   2   3       -0.0000014600       -0.0000000003
   2   1   2   3        0.0065564517       -0.0000002049
   3   1   2   3        0.0000005789        0.0000000113
   4   1   2   3        0.0000047340        0.0000000164
   5   1   2   3       -0.2228675945       -0.0000002035
   1   2   2   3        0.0065564517       -0.0000002047
   2   2   2   3       -0.0000027703       -0.0000000185
   3   2   2   3        0.5054439050       -0.0000000000
   4   2   2   3       -0.0509897094       -0.0000011467
   5   2   2   3       -0.0000008575        0.0000000016
   1   3   2   3        0.0000005789        0.0000000114
   2   3   2   3        0.5054439050       -0.0000000000
   3   3   2   3       -0.0000029789        0.0000000179
   4   3   2   3        0.0000008095       -0.0000000016
   5   3   2   3       -0.0509896387       -0.0000011468
   1   4   2   3        0.0000047340        0.0000000164
   2   4   2   3       -0.0509897094       -0.0000011464
   3   4   2   3        0.0000008095       -0.0000000016
   4   4   2   3       -0.0000025810        0.0000000153
   5   4   2   3        0.0140399190       -0.0000008841
   1   5   2   3       -0.2228675945       -0.0000002037
   2   5   2   3       -0.0000008575        0.0000000018
   3   5   2   3       -0.0509896387       -0.0000011465
   4   5   2   3        0.0140399190       -0.0000008841
   5   5   2   3       -0.0000004991       -0.0000000158
   1   1   3   3        1.9679997272        0.0000296733
   2   1   3   3        0.0000006724        0.0000000111
   3   1   3   3       -0.0065566066        0.0000002049
   4   1   3   3        0.2228675275        0.0000002035
   5   1   3   3        0.0000044072        0.0000000166
   1   2   3   3        0.0000006724        0.0000000113
   2   2   3   3        1.8436285554       -0.0000000000
   3   2   3   3       -0.0000029789       -0.0000000182
   4   2   3   3        0.0000008315       -0.0000000317
   5   2   3   3       -0.0618579750        0.0000339117
   1   3   3   3       -0.0065566066        0.0000002047
   2   3   3   3       -0.0000029789       -0.0000000179
   3   3   3   3        2.8545157701       -0.0000000000
   4   3   3   3       -0.1638375797        0.0000316183
   5   3   3   3       -0.0000045321        0.0000000352
   1   4   3   3        0.2228675275        0.0000002036
   2   4   3   3        0.0000008315       -0.0000000317
   3   4   3   3       -0.1638375797        0.0000316203
   4   4   3   3        1.7845687996        0.0000173858
   5   4   3   3       -0.0000015119       -0.0000000144
   1   5   3   3        0.0000044072        0.0000000164
   2   5   3   3       -0.0618579750        0.0000339130
   3   5   3   3       -0.0000045321        0.0000000357
   4   5   3   3       -0.0000015119       -0.0000000149
   5   5   3   3        1.7564896184        0.0000191538
   1   1   4   3       -0.0870940473       -0.0000300581
   2   1   4   3       -0.0000012086        0.0000000051
   3   1   4   3       -0.0941102997        0.0000000026
   4   1   4   3        0.0219921204        0.0000009755
   5   1   4   3        0.0000023279       -0.0000000054
   1   2   4   3       -0.0000012086        0.0000000051
   2   2   4   3       -0.0618582002       -0.0000339117
   3   2   4   3        0.0000008095        0.0000000015
   4   2   4   3       -0.0000011139        0.0000000131
   5   2   4   3       -0.1772563769        0.0000000000
   1   3   4   3       -0.0941102997        0.0000000026
   2   3   4   3        0.0000008095        0.0000000016
   3   3   4   3       -0.1638375796       -0.0000316183
   4   3   4   3        0.4702053836        0.0000000000
   5   3   4   3       -0.0000005776        0.0000000149
   1   4   4   3        0.0219921204        0.0000009753
   2   4   4   3       -0.0000011139        0.0000000132
   3   4   4   3        0.4702053836       -0.0000000003
   4   4   4   3       -0.1570953782       -0.0000361007
   5   4   4   3        0.0000025391       -0.0000000020
   1   5   4   3        0.0000023279       -0.0000000054
   2   5   4   3       -0.1772563769       -0.0000000001
   3   5   4   3       -0.0000005776        0.0000000149
   4   5   4   3        0.0000025391       -0.0000000018
   5   5   4   3       -0.0690628752       -0.0000353202
   1   1   5   3       -0.0000022810       -0.0000000373
   2   1   5   3        0.0941103600       -0.0000000026
   3   1   5   3       -0.0000011817        0.0000000051
   4   1   5   3        0.0000022241       -0.0000000055
   5   1   5   3       -0.0219921871       -0.0000009755
   1   2   5   3        0.0941103600       -0.0000000026
   2   2   5   3       -0.0000021847       -0.0000000320
   3   2   5   3       -0.0509896386        0.0000011467
   4   2   5   3        0.1985832419        0.0000000000
   5   2   5   3       -0.0000002674        0.0000000132
   1   3   5   3       -0.0000011817        0.0000000051
   2   3   5   3       -0.0509896386        0.0000011468
   3   3   5   3       -0.0000045321       -0.0000000352
   4   3   5   3       -0.0000005776       -0.0000000149
   5   3   5   3        0.4488788317       -0.0000000000
   1   4   5   3        0.0000022241       -0.0000000055
   2   4   5   3        0.1985832419       -0.0000000001
   3   4   5   3       -0.0000005776       -0.0000000149
   4   4   5   3       -0.0000094397       -0.0000000261
   5   4   5   3       -0.0440162992       -0.0000003901
   1   5   5   3       -0.0219921871       -0.0000009753
   2   5   5   3       -0.0000002674        0.0000000132
   3   5   5   3        0.4488788317       -0.0000000001
   4   5   5   3       -0.0440162992       -0.0000003903
   5   5   5   3       -0.0000050971       -0.0000000299
   1   1   1   4        0.0000000499        0.0000000000
   2   1   1   4        0.0000014897        0.0000000159
   3   1   1   4       -0.0501712002        0.0000001179
   4   1   1   4        0.4437031888       -0.0000000004
   5   1   1   4       -0.0000012220        0.0000000127
   1   2   1   4        0.0000014897        0.0000000160
   2   2   1   4       -0.2228675450        0.0000002037
   3   2   1   4        0.0000047340       -0.0000000165
   4   2   1   4        0.0000025397        0.0000000055
   5   2   1   4       -0.0219921655        0.0000009753
   1   3   1   4       -0.0501712002        0.0000001177
   2   3   1   4        0.0000047340       -0.0000000164
   3   3   1   4        0.2228675276       -0.0000002036
   4   3   1   4        0.0219921204       -0.0000009753
   5   3   1   4        0.0000022241        0.0000000055
   1   4   1   4        0.4437031888        0.0000000000
   2   4   1   4        0.0000025397        0.0000000055
   3   4   1   4        0.0219921204       -0.0000009753
   4   4   1   4        0.0124847120       -0.0000009804
   5   4   1   4        0.0000017748       -0.0000000182
   1   5   1   4       -0.0000012220        0.0000000126
   2   5   1   4       -0.0219921655        0.0000009753
   3   5   1   4        0.0000022241        0.0000000056
   4   5   1   4        0.0000017748       -0.0000000183
   5   5   1   4       -0.0124847012        0.0000009806
   1   1   2   4        0.0000010248        0.0000000370
   2   1   2   4        0.0941103694       -0.0000000026
   3   1   2   4       -0.0000012057        0.0000000051
   4   1   2   4        0.0000025397       -0.0000000054
   5   1   2   4       -0.0219921534       -0.0000009754
   1   2   2   4        0.0941103694       -0.0000000026
   2   2   2   4        0.0000018535        0.0000000349
   3   2   2   4       -0.0509897094        0.0000011465
   4   2   2   4        0.4488787537        0.0000000002
   5   2   2   4       -0.0000017454        0.0000000149
   1   3   2   4       -0.0000012057        0.0000000051
   2   3   2   4       -0.0509897094        0.0000011464
   3   3   2   4        0.0000008315        0.0000000317
   4   3   2   4       -0.0000011139       -0.0000000132
   5   3   2   4        0.1985832419        0.0000000001
   1   4   2   4        0.0000025397       -0.0000000055
   2   4   2   4        0.4488787537        0.0000000000
   3   4   2   4       -0.0000011139       -0.0000000132
   4   4   2   4        0.0000025912        0.0000000296
   5   4   2   4       -0.0440162475       -0.0000003905
   1   5   2   4       -0.0219921534       -0.0000009753
   2   5   2   4       -0.0000017454        0.0000000149
   3   5   2   4        0.1985832419       -0.0000000000
   4   5   2   4       -0.0440162475       -0.0000003903
   5   5   2   4        0.0000079493        0.0000000257
   1   1   3   4       -0.0870940473       -0.0000300595
   2   1   3   4       -0.0000012086        0.0000000051
   3   1   3   4       -0.0941102997        0.0000000026
   4   1   3   4        0.0219921204        0.0000009754
   5   1   3   4        0.0000023279       -0.0000000054
   1   2   3   4       -0.0000012086        0.0000000052
   2   2   3   4       -0.0618582002       -0.0000339131
   3   2   3   4        0.0000008095        0.0000000016
   4   2   3   4       -0.0000011139        0.0000000132
   5   2   3   4       -0.1772563769        0.0000000001
   1   3   3   4       -0.0941102997        0.0000000025
   2   3   3   4        0.0000008095        0.0000000016
   3   3   3   4       -0.1638375796       -0.0000316203
   4   3   3   4        0.4702053836        0.0000000003
   5   3   3   4       -0.0000005776        0.0000000149
   1   4   3   4        0.0219921204        0.0000009753
   2   4   3   4       -0.0000011139        0.0000000132
   3   4   3   4        0.4702053836        0.0000000000
   4   4   3   4       -0.1570953782       -0.0000361023
   5   4   3   4        0.0000025391       -0.0000000021
   1   5   3   4        0.0000023279       -0.0000000055
   2   5   3   4       -0.1772563769        0.0000000000
   3   5   3   4       -0.0000005776        0.0000000149
   4   5   3   4        0.0000025391       -0.0000000019
   5   5   3   4       -0.0690628752       -0.0000353215
   1   1   4   4        1.5352653697        0.0000134226
   2   1   4   4       -0.0000003466       -0.0000000006
   3   1   4   4        0.0296202385       -0.0000003428
   4   1   4   4        0.0124847121        0.0000009804
   5   1   4   4        0.0000017826        0.0000000183
   1   2   4   4       -0.0000003466       -0.0000000007
   2   2   4   4        1.7564893293       -0.0000191540
   3   2   4   4       -0.0000025810       -0.0000000154
   4   2   4   4        0.0000025912       -0.0000000295
   5   2   4   4       -0.0690626215        0.0000353202
   1   3   4   4        0.0296202385       -0.0000003428
   2   3   4   4       -0.0000025810       -0.0000000153
   3   3   4   4        1.7845687996       -0.0000173858
   4   3   4   4       -0.1570953783        0.0000361007
   5   3   4   4       -0.0000094397        0.0000000261
   1   4   4   4        0.0124847121        0.0000009804
   2   4   4   4        0.0000025912       -0.0000000296
   3   4   4   4       -0.1570953783        0.0000361023
   4   4   4   4        2.5818720992       -0.0000000000
   5   4   4   4       -0.0000046731        0.0000000010
   1   5   4   4        0.0000017826        0.0000000182
   2   5   4   4       -0.0690626215        0.0000353214
   3   5   4   4       -0.0000094397        0.0000000264
   4   5   4   4       -0.0000046731        0.0000000003
   5   5   4   4        2.0667192331       -0.0000000002
   1   1   5   4       -0.0000019509       -0.0000000011
   2   1   5   4       -0.0296203132        0.0000003428
   3   1   5   4       -0.0000005447       -0.0000000005
   4   1   5   4        0.0000017748        0.0000000182
   5   1   5   4       -0.0124847014       -0.0000009804
   1   2   5   4       -0.0296203132        0.0000003428
   2   2   5   4       -0.0000035929       -0.0000000167
   3   2   5   4        0.0140399191        0.0000008841
   4   2   5   4       -0.0440162475        0.0000003903
   5   2   5   4       -0.0000022846       -0.0000000020
   1   3   5   4       -0.0000005447       -0.0000000005
   2   3   5   4        0.0140399191        0.0000008841
   3   3   5   4       -0.0000015119        0.0000000144
   4   3   5   4        0.0000025391        0.0000000020
   5   3   5   4       -0.0440162992        0.0000003901
   1   4   5   4        0.0000017748        0.0000000182
   2   4   5   4       -0.0440162475        0.0000003905
   3   4   5   4        0.0000025391        0.0000000021
   4   4   5   4       -0.0000046731       -0.0000000010
   5   4   5   4        0.2575769778       -0.0000000000
   1   5   5   4       -0.0124847014       -0.0000009805
   2   5   5   4       -0.0000022846       -0.0000000020
   3   5   5   4       -0.0440162992        0.0000003903
   4   5   5   4        0.2575769778       -0.0000000000
   5   5   5   4       -0.0000046856       -0.0000000015
   1   1   1   5       -0.0000002405        0.0000000000
   2   1   1   5       -0.0501711509        0.0000001179
   3   1   1   5       -0.0000019863       -0.0000000160
   4   1   1   5       -0.0000012220       -0.0000000127
   5   1   1   5        0.4437034580       -0.0000000004
   1   2   1   5       -0.0501711509        0.0000001177
   2   2   1   5       -0.0000040696        0.0000000164
   3   2   1   5       -0.2228675945        0.0000002037
   4   2   1   5       -0.0219921534        0.0000009753
   5   2   1   5       -0.0000019380       -0.0000000055
   1   3   1   5       -0.0000019863       -0.0000000160
   2   3   1   5       -0.2228675945        0.0000002037
   3   3   1   5        0.0000044072       -0.0000000164
   4   3   1   5        0.0000023279        0.0000000054
   5   3   1   5       -0.0219921871        0.0000009753
   1   4   1   5       -0.0000012220       -0.0000000126
   2   4   1   5       -0.0219921534        0.0000009753
   3   4   1   5        0.0000023279        0.0000000055
   4   4   1   5        0.0000017826       -0.0000000182
   5   4   1   5       -0.0124847014        0.0000009805
   1   5   1   5        0.4437034580       -0.0000000000
   2   5   1   5       -0.0000019380       -0.0000000056
   3   5   1   5       -0.0219921871        0.0000009753
   4   5   1   5       -0.0124847014        0.0000009805
   5   5   1   5       -0.0000019879        0.0000000183
   1   1   2   5       -0.0870939112       -0.0000300594
   2   1   2   5        0.0000007563       -0.0000000052
   3   1   2   5        0.0941103628       -0.0000000026
   4   1   2   5       -0.0219921654       -0.0000009754
   5   1   2   5       -0.0000019380        0.0000000056
   1   2   2   5        0.0000007563       -0.0000000052
   2   2   2   5       -0.1638373500       -0.0000316202
   3   2   2   5       -0.0000008575       -0.0000000016
   4   2   2   5       -0.0000017454       -0.0000000149
   5   2   2   5        0.4702058051        0.0000000003
   1   3   2   5        0.0941103628       -0.0000000025
   2   3   2   5       -0.0000008575       -0.0000000018
   3   3   2   5       -0.0618579750       -0.0000339130
   4   3   2   5       -0.1772563769        0.0000000001
   5   3   2   5       -0.0000002674       -0.0000000132
   1   4   2   5       -0.0219921654       -0.0000009753
   2   4   2   5       -0.0000017454       -0.0000000149
   3   4   2   5       -0.1772563769       -0.0000000000
   4   4   2   5       -0.0690626215       -0.0000353214
   5   4   2   5       -0.0000022846        0.0000000020
   1   5   2   5       -0.0000019380        0.0000000056
   2   5   2   5        0.4702058051        0.0000000000
   3   5   2   5       -0.0000002674       -0.0000000133
   4   5   2   5       -0.0000022846        0.0000000020
   5   5   2   5       -0.1570952016       -0.0000361022
   1   1   3   5       -0.0000022810       -0.0000000376
   2   1   3   5        0.0941103600       -0.0000000026
   3   1   3   5       -0.0000011817        0.0000000052
   4   1   3   5        0.0000022241       -0.0000000056
   5   1   3   5       -0.0219921871       -0.0000009754
   1   2   3   5        0.0941103600       -0.0000000025
   2   2   3   5       -0.0000021847       -0.0000000323
   3   2   3   5       -0.0509896386        0.0000011464
   4   2   3   5        0.1985832419        0.0000000001
   5   2   3   5       -0.0000002674        0.0000000134
   1   3   3   5       -0.0000011817        0.0000000052
   2   3   3   5       -0.0509896386        0.0000011465
   3   3   3   5       -0.0000045321       -0.0000000357
   4   3   3   5       -0.0000005776       -0.0000000149
   5   3   3   5        0.4488788317        0.0000000001
   1   4   3   5        0.0000022241       -0.0000000056
   2   4   3   5        0.1985832419        0.0000000000
   3   4   3   5       -0.0000005776       -0.0000000149
   4   4   3   5       -0.0000094397       -0.0000000264
   5   4   3   5       -0.0440162992       -0.0000003903
   1   5   3   5       -0.0219921871       -0.0000009753
   2   5   3   5       -0.0000002674        0.0000000133
   3   5   3   5        0.4488788317       -0.0000000000
   4   5   3   5       -0.0440162992       -0.0000003905
   5   5   3   5       -0.0000050970       -0.0000000303
   1   1   4   5       -0.0000019509       -0.0000000006
   2   1   4   5       -0.0296203132        0.0000003428
   3   1   4   5       -0.0000005447       -0.0000000005
   4   1   4   5        0.0000017748        0.0000000183
   5   1   4   5       -0.0124847014       -0.0000009804
   1   2   4   5       -0.0296203132        0.0000003428
   2   2   4   5       -0.0000035929       -0.0000000162
   3   2   4   5        0.0140399191        0.0000008841
   4   2   4   5       -0.0440162475        0.0000003901
   5   2   4   5       -0.0000022846       -0.0000000019
   1   3   4   5       -0.0000005447       -0.0000000005
   2   3   4   5        0.0140399191        0.0000008841
   3   3   4   5       -0.0000015119        0.0000000149
   4   3   4   5        0.0000025391        0.0000000018
   5   3   4   5       -0.0440162992        0.0000003903
   1   4   4   5        0.0000017748        0.0000000183
   2   4   4   5       -0.0440162475        0.0000003903
   3   4   4   5        0.0000025391        0.0000000019
   4   4   4   5       -0.0000046731       -0.0000000003
   5   4   4   5        0.2575769778        0.0000000000
   1   5   4   5       -0.0124847014       -0.0000009805
   2   5   4   5       -0.0000022846       -0.0000000020
   3   5   4   5       -0.0440162992        0.0000003905
   4   5   4   5        0.2575769778        0.0000000000
   5   5   4   5       -0.0000046856       -0.0000000010
   1   1   5   5        1.5352658678        0.0000134228
   2   1   5   5        0.0000009585        0.0000000004
   3   1   5   5       -0.0296203635        0.0000003428
   4   1   5   5       -0.0124847012       -0.0000009804
   5   1   5   5       -0.0000019879       -0.0000000181
   1   2   5   5        0.0000009585        0.0000000003
   2   2   5   5        1.7845697754       -0.0000173856
   3   2   5   5       -0.0000004991        0.0000000157
   4   2   5   5        0.0000079493       -0.0000000256
   5   2   5   5       -0.1570952017        0.0000361007
   1   3   5   5       -0.0296203635        0.0000003428
   2   3   5   5       -0.0000004991        0.0000000158
   3   3   5   5        1.7564896183       -0.0000191538
   4   3   5   5       -0.0690628753        0.0000353202
   5   3   5   5       -0.0000050971        0.0000000299
   1   4   5   5       -0.0124847012       -0.0000009806
   2   4   5   5        0.0000079493       -0.0000000257
   3   4   5   5       -0.0690628753        0.0000353215
   4   4   5   5        2.0667192331        0.0000000002
   5   4   5   5       -0.0000046856        0.0000000015
   1   5   5   5       -0.0000019879       -0.0000000183
   2   5   5   5       -0.1570952017        0.0000361022
   3   5   5   5       -0.0000050970        0.0000000303
   4   5   5   5       -0.0000046856        0.0000000010
   5   5   5   5        2.5818742727       -0.0000000000
