Representations for the symmetry operations:

Rotation matrix
-1.0000000000   0.0000000000   0.0000000000
0.0000000000   1.0000000000   0.0000000000
0.0000000000   0.0000000000   -1.0000000000
Representation (Orb)
 -1.00000000  0.00000000  0.00000000  0.00000000  0.00000000
  0.00000000 -1.00000000  0.00000000  0.00000000  0.00000000
  0.00000000  0.00000000  1.00000000  0.00000000  0.00000000
  0.00000000  0.00000000  0.00000000  1.00000000  0.00000000
  0.00000000  0.00000000  0.00000000  0.00000000  1.00000000
Character
1.000
Representation (spin)
0.0000000000+0.0000000000j   -1.0000000000+0.0000000000j
1.0000000000+0.0000000000j   0.0000000000+0.0000000000j
Spin character
0.00000+0.00000j


Rotation matrix
1.0000000000   0.0000000000   0.0000000000
0.0000000000   1.0000000000   0.0000000000
0.0000000000   0.0000000000   1.0000000000
Representation (Orb)
  1.00000000  0.00000000  0.00000000  0.00000000  0.00000000
  0.00000000  1.00000000  0.00000000  0.00000000  0.00000000
  0.00000000  0.00000000  1.00000000  0.00000000  0.00000000
  0.00000000  0.00000000  0.00000000  1.00000000  0.00000000
  0.00000000  0.00000000  0.00000000  0.00000000  1.00000000
Character
5.000
Representation (spin)
1.0000000000+0.0000000000j   0.0000000000+0.0000000000j
0.0000000000+0.0000000000j   1.0000000000+0.0000000000j
Spin character
2.00000+0.00000j


Rotation matrix
-1.0000000000   0.0000000000   0.0000000000
0.0000000000   0.0000000000   -1.0000000000
0.0000000000   1.0000000000   0.0000000000
Representation (Orb)
  0.00000000  0.00000000  0.00000000  1.00000000  0.00000000
  0.00000000 -1.00000000  0.00000000  0.00000000  0.00000000
  0.00000000  0.00000000 -0.50000000  0.00000000 -0.86482406
 -1.00000000  0.00000000  0.00000000  0.00000000  0.00000000
  0.00000000  0.00000000 -0.86602540  0.00000000  0.50000000
Character
-1.000
Representation (spin)
0.7071067812+0.0000000000j   0.0000000000-0.7071067812j
0.0000000000-0.7071067812j   0.7071067812+0.0000000000j
Spin character
1.41421+0.00000j


Rotation matrix
0.0000000000   1.0000000000   0.0000000000
0.0000000000   0.0000000000   1.0000000000
1.0000000000   0.0000000000   0.0000000000
Representation (Orb)
  0.00000000  0.00000000  0.00000000 -1.00000000  0.00000000
 -1.00000000  0.00000000  0.00000000  0.00000000  0.00000000
  0.00000000  0.00000000 -0.50000000  0.00000000 -0.86602540
  0.00000000  1.00000000  0.00000000  0.00000000  0.00000000
  0.00000000  0.00000000  0.86602540  0.00000000 -0.50000000
Character
-1.000
Representation (spin)
0.5000000000-0.5000000000j   -0.5000000000-0.5000000000j
0.5000000000-0.5000000000j   0.5000000000+0.5000000000j
Spin character
1.00000+0.00000j


Rotation matrix
0.0000000000   0.0000000000   -1.0000000000
0.0000000000   1.0000000000   0.0000000000
-1.0000000000   0.0000000000   0.0000000000
Representation (Orb)
  0.00000000  1.00000000  0.00000000  0.00000000  0.00000000
  1.00000000  0.00000000  0.00000000  0.00000000  0.00000000
  0.00000000  0.00000000 -0.50000000  0.00000000  0.86602540
  0.00000000  0.00000000  0.00000000  1.00000000  0.00000000
  0.00000000  0.00000000  0.86602540  0.00000000  0.50000000
Character
1.000
Representation (spin)
0.0000000000-0.7071067812j   0.0000000000-0.7071067812j
0.0000000000-0.7071067812j   0.0000000000+0.7071067812j
Spin character
0.00000-0.00000j


Rotation matrix
0.0000000000   1.0000000000   0.0000000000
-1.0000000000   0.0000000000   0.0000000000
0.0000000000   0.0000000000   -1.0000000000
Representation (Orb)
 -1.00000000  0.00000000  0.00000000  0.00000000  0.00000000
  0.00000000  0.00000000  0.00000000 -1.00000000  0.00000000
  0.00000000  0.00000000  1.00000000  0.00000000  0.00000000
  0.00000000  1.00000000  0.00000000  0.00000000  0.00000000
  0.00000000  0.00000000  0.00000000  0.00000000 -1.00000000
Character
-1.000
Representation (spin)
0.7071067812-0.7071067812j   0.0000000000+0.0000000000j
0.0000000000+0.0000000000j   0.7071067812+0.7071067812j
Spin character
1.41421+0.00000j


Rotation matrix
0.0000000000   1.0000000000   0.0000000000
1.0000000000   0.0000000000   0.0000000000
0.0000000000   0.0000000000   1.0000000000
Representation (Orb)
  1.00000000  0.00000000  0.00000000  0.00000000  0.00000000
  0.00000000  0.00000000  0.00000000  1.00000000  0.00000000
  0.00000000  0.00000000  1.00000000  0.00000000  0.00000000
  0.00000000  1.00000000  0.00000000  0.00000000  0.00000000
  0.00000000  0.00000000  0.00000000  0.00000000 -1.00000000
Character
1.000
Representation (spin)
0.0000000000+0.0000000000j   -0.7071067812+0.7071067812j
0.7071067812+0.7071067812j   -0.0000000000+0.0000000000j
Spin character
0.00000+0.00000j


Rotation matrix
0.0000000000   0.0000000000   1.0000000000
1.0000000000   0.0000000000   0.0000000000
0.0000000000   1.0000000000   0.0000000000
Representation (Orb)
  0.00000000 -1.00000000  0.00000000  0.00000000  0.00000000
  0.00000000  0.00000000  0.00000000  1.00000000  0.00000000
  0.00000000  0.00000000 -0.50000000  0.00000000  0.86602540
 -1.00000000  0.00000000  0.00000000  0.00000000  0.00000000
  0.00000000  0.00000000 -0.86602540  0.00000000 -0.50000000
Character
-1.000
Representation (spin)
0.5000000000-0.5000000000j   -0.5000000000-0.5000000000j
0.5000000000-0.5000000000j   0.5000000000+0.5000000000j
Spin character
1.00000-0.00000j


Rotation matrix
0.0000000000   0.0000000000   1.0000000000
0.0000000000   1.0000000000   0.0000000000
1.0000000000   0.0000000000   0.0000000000
Representation (Orb)
  0.00000000 -1.00000000  0.00000000  0.00000000  0.00000000
 -1.00000000  0.00000000  0.00000000  0.00000000  0.00000000
  0.00000000  0.00000000 -0.50000000  0.00000000  0.86602540
  0.00000000  0.00000000  0.00000000  1.00000000  0.00000000
  0.00000000  0.00000000  0.86602540  0.00000000  0.50000000
Character
1.000
Representation (spin)
0.0000000000-0.7071067812j   0.0000000000+0.7071067812j
0.0000000000+0.7071067812j   0.0000000000+0.7071067812j
Spin character
0.00000-0.00000j


Rotation matrix
1.0000000000   0.0000000000   0.0000000000
0.0000000000   0.0000000000   -1.0000000000
0.0000000000   -1.0000000000   0.0000000000
Representation (Orb)
  0.00000000  0.00000000  0.00000000  1.00000000  0.00000000
  0.00000000  1.00000000  0.00000000  0.00000000  0.00000000
  0.00000000  0.00000000 -0.50000000  0.00000000 -0.86602540
  1.00000000  0.00000000  0.00000000  0.00000000  0.00000000
  0.00000000  0.00000000 -0.86602540  0.00000000  0.50000000
Character
1.000
Representation (spin)
0.0000000000-0.7071067812j   -0.7071067812+0.0000000000j
0.7071067812+0.0000000000j   0.0000000000+0.7071067812j
Spin character
0.00000-0.00000j


Rotation matrix
-1.0000000000   0.0000000000   0.0000000000
0.0000000000   -1.0000000000   0.0000000000
0.0000000000   0.0000000000   1.0000000000
Representation (Orb)
  1.00000000  0.00000000  0.00000000  0.00000000  0.00000000
  0.00000000 -1.00000000  0.00000000  0.00000000  0.00000000
  0.00000000  0.00000000  1.00000000  0.00000000  0.00000000
  0.00000000  0.00000000  0.00000000 -1.00000000  0.00000000
  0.00000000  0.00000000  0.00000000  0.00000000  1.00000000
Character
1.000
Representation (spin)
0.0000000000-1.0000000000j   0.0000000000+0.0000000000j
0.0000000000+0.0000000000j   0.0000000000+1.0000000000j
Spin character
0.00000+0.00000j


Rotation matrix
1.0000000000   0.0000000000   0.0000000000
0.0000000000   -1.0000000000   0.0000000000
0.0000000000   0.0000000000   -1.0000000000
Representation (Orb)
 -1.00000000  0.00000000  0.00000000  0.00000000  0.00000000
  0.00000000  1.00000000  0.00000000  0.00000000  0.00000000
  0.00000000  0.00000000  1.00000000  0.00000000  0.00000000
  0.00000000  0.00000000  0.00000000 -1.00000000  0.00000000
  0.00000000  0.00000000  0.00000000  0.00000000  1.00000000
Character
1.000
Representation (spin)
0.0000000000+0.0000000000j   0.0000000000-1.0000000000j
0.0000000000-1.0000000000j   0.0000000000+0.0000000000j
Spin character
0.00000+0.00000j


Rotation matrix
1.0000000000   0.0000000000   0.0000000000
0.0000000000   0.0000000000   1.0000000000
0.0000000000   1.0000000000   0.0000000000
Representation (Orb)
  0.00000000  0.00000000  0.00000000 -1.00000000  0.00000000
  0.00000000  1.00000000  0.00000000  0.00000000  0.00000000
  0.00000000  0.00000000 -0.50000000  0.00000000 -0.86602540
 -1.00000000  0.00000000  0.00000000  0.00000000  0.00000000
  0.00000000  0.00000000 -0.86602540  0.00000000  0.50000000
Character
1.000
Representation (spin)
0.0000000000+0.7071067812j   -0.7071067812+0.0000000000j
0.7071067812+0.0000000000j   0.0000000000-0.7071067812j
Spin character
0.00000+0.00000j


Rotation matrix
0.0000000000   0.0000000000   -1.0000000000
0.0000000000   -1.0000000000   0.0000000000
1.0000000000   0.0000000000   0.0000000000
Representation (Orb)
  0.00000000  1.00000000  0.00000000  0.00000000  0.00000000
 -1.00000000  0.00000000  0.00000000  0.00000000  0.00000000
  0.00000000  0.00000000 -0.50000000  0.00000000  0.86482407
  0.00000000  0.00000000  0.00000000 -1.00000000  0.00000000
  0.00000000  0.00000000  0.86602540  0.00000000  0.50000000
Character
-1.000
Representation (spin)
0.7071067812+0.0000000000j   -0.7071067812+0.0000000000j
0.7071067812+0.0000000000j   0.7071067812+0.0000000000j
Spin character
1.41421+0.00000j


Rotation matrix
0.0000000000   -1.0000000000   0.0000000000
0.0000000000   0.0000000000   1.0000000000
-1.0000000000   0.0000000000   0.0000000000
Representation (Orb)
  0.00000000  0.00000000  0.00000000 -1.00000000  0.00000000
  1.00000000  0.00000000  0.00000000  0.00000000  0.00000000
  0.00000000  0.00000000 -0.50000000  0.00000000 -0.86602540
  0.00000000 -1.00000000  0.00000000  0.00000000  0.00000000
  0.00000000  0.00000000  0.86482361  0.00000000 -0.50000000
Character
-1.000
Representation (spin)
0.5000000000+0.5000000000j   0.5000000000-0.5000000000j
-0.5000000000-0.5000000000j   0.5000000000-0.5000000000j
Spin character
1.00000+0.00000j


Rotation matrix
0.0000000000   -1.0000000000   0.0000000000
0.0000000000   0.0000000000   -1.0000000000
1.0000000000   0.0000000000   0.0000000000
Representation (Orb)
  0.00000000  0.00000000  0.00000000  1.00000000  0.00000000
 -1.00000000  0.00000000  0.00000000  0.00000000  0.00000000
  0.00000000  0.00000000 -0.50000000  0.00000000 -0.86482406
  0.00000000 -1.00000000  0.00000000  0.00000000  0.00000000
  0.00000000  0.00000000  0.86602540  0.00000000 -0.50000000
Character
-1.000
Representation (spin)
0.5000000000+0.5000000000j   -0.5000000000+0.5000000000j
0.5000000000+0.5000000000j   0.5000000000-0.5000000000j
Spin character
1.00000+0.00000j


Rotation matrix
0.0000000000   1.0000000000   0.0000000000
0.0000000000   0.0000000000   -1.0000000000
-1.0000000000   0.0000000000   0.0000000000
Representation (Orb)
  0.00000000  0.00000000  0.00000000  1.00000000  0.00000000
  1.00000000  0.00000000  0.00000000  0.00000000  0.00000000
  0.00000000  0.00000000 -0.50000000  0.00000000 -0.86602540
  0.00000000  1.00000000  0.00000000  0.00000000  0.00000000
  0.00000000  0.00000000  0.86602540  0.00000000 -0.50000000
Character
-1.000
Representation (spin)
0.5000000000-0.5000000000j   0.5000000000+0.5000000000j
-0.5000000000+0.5000000000j   0.5000000000+0.5000000000j
Spin character
1.00000+0.00000j


Rotation matrix
0.0000000000   -1.0000000000   0.0000000000
1.0000000000   0.0000000000   0.0000000000
0.0000000000   0.0000000000   -1.0000000000
Representation (Orb)
 -1.00000000  0.00000000  0.00000000  0.00000000  0.00000000
  0.00000000  0.00000000  0.00000000  1.00000000  0.00000000
  0.00000000  0.00000000  1.00000000  0.00000000  0.00000000
  0.00000000 -1.00000000  0.00000000  0.00000000  0.00000000
  0.00000000  0.00000000  0.00000000  0.00000000 -1.00000000
Character
-1.000
Representation (spin)
0.7071067812-0.7071067812j   0.0000000000+0.0000000000j
0.0000000000+0.0000000000j   0.7071067812+0.7071067812j
Spin character
1.41421+0.00000j


Rotation matrix
0.0000000000   0.0000000000   1.0000000000
-1.0000000000   0.0000000000   0.0000000000
0.0000000000   -1.0000000000   0.0000000000
Representation (Orb)
  0.00000000 -1.00000000  0.00000000  0.00000000  0.00000000
  0.00000000  0.00000000  0.00000000 -1.00000000  0.00000000
  0.00000000  0.00000000 -0.50000000  0.00000000  0.86602540
  1.00000000  0.00000000  0.00000000  0.00000000  0.00000000
  0.00000000  0.00000000 -0.86482361  0.00000000 -0.50000000
Character
-1.000
Representation (spin)
0.5000000000+0.5000000000j   -0.5000000000+0.5000000000j
0.5000000000+0.5000000000j   0.5000000000-0.5000000000j
Spin character
1.00000+0.00000j


Rotation matrix
0.0000000000   0.0000000000   -1.0000000000
1.0000000000   0.0000000000   0.0000000000
0.0000000000   -1.0000000000   0.0000000000
Representation (Orb)
  0.00000000  1.00000000  0.00000000  0.00000000  0.00000000
  0.00000000  0.00000000  0.00000000  1.00000000  0.00000000
  0.00000000  0.00000000 -0.50000000  0.00000000  0.86602540
  1.00000000  0.00000000  0.00000000  0.00000000  0.00000000
  0.00000000  0.00000000 -0.86602540  0.00000000 -0.50000000
Character
-1.000
Representation (spin)
0.5000000000-0.5000000000j   0.5000000000+0.5000000000j
-0.5000000000+0.5000000000j   0.5000000000+0.5000000000j
Spin character
1.00000-0.00000j


Rotation matrix
-1.0000000000   0.0000000000   0.0000000000
0.0000000000   0.0000000000   1.0000000000
0.0000000000   -1.0000000000   0.0000000000
Representation (Orb)
  0.00000000  0.00000000  0.00000000 -1.00000000  0.00000000
  0.00000000 -1.00000000  0.00000000  0.00000000  0.00000000
  0.00000000  0.00000000 -0.50000000  0.00000000 -0.86602540
  1.00000000  0.00000000  0.00000000  0.00000000  0.00000000
  0.00000000  0.00000000 -0.86482361  0.00000000  0.50000000
Character
-1.000
Representation (spin)
0.7071067812+0.0000000000j   0.0000000000-0.7071067812j
0.0000000000-0.7071067812j   0.7071067812+0.0000000000j
Spin character
1.41421+0.00000j


Rotation matrix
0.0000000000   0.0000000000   1.0000000000
0.0000000000   -1.0000000000   0.0000000000
-1.0000000000   0.0000000000   0.0000000000
Representation (Orb)
  0.00000000 -1.00000000  0.00000000  0.00000000  0.00000000
  1.00000000  0.00000000  0.00000000  0.00000000  0.00000000
  0.00000000  0.00000000 -0.50000000  0.00000000  0.86602540
  0.00000000  0.00000000  0.00000000 -1.00000000  0.00000000
  0.00000000  0.00000000  0.86482361  0.00000000  0.50000000
Character
-1.000
Representation (spin)
0.7071067812+0.0000000000j   -0.7071067812+0.0000000000j
0.7071067812+0.0000000000j   0.7071067812+0.0000000000j
Spin character
1.41421+0.00000j


Rotation matrix
0.0000000000   0.0000000000   -1.0000000000
-1.0000000000   0.0000000000   0.0000000000
0.0000000000   1.0000000000   0.0000000000
Representation (Orb)
  0.00000000  1.00000000  0.00000000  0.00000000  0.00000000
  0.00000000  0.00000000  0.00000000 -1.00000000  0.00000000
  0.00000000  0.00000000 -0.50000000  0.00000000  0.86482407
 -1.00000000  0.00000000  0.00000000  0.00000000  0.00000000
  0.00000000  0.00000000 -0.86602540  0.00000000 -0.50000000
Character
-1.000
Representation (spin)
0.5000000000+0.5000000000j   0.5000000000-0.5000000000j
-0.5000000000-0.5000000000j   0.5000000000-0.5000000000j
Spin character
1.00000+0.00000j


Rotation matrix
0.0000000000   -1.0000000000   0.0000000000
-1.0000000000   0.0000000000   0.0000000000
0.0000000000   0.0000000000   1.0000000000
Representation (Orb)
  1.00000000  0.00000000  0.00000000  0.00000000  0.00000000
  0.00000000  0.00000000  0.00000000 -1.00000000  0.00000000
  0.00000000  0.00000000  1.00000000  0.00000000  0.00000000
  0.00000000 -1.00000000  0.00000000  0.00000000  0.00000000
  0.00000000  0.00000000  0.00000000  0.00000000 -1.00000000
Character
1.000
Representation (spin)
0.0000000000+0.0000000000j   -0.7071067812-0.7071067812j
0.7071067812-0.7071067812j   -0.0000000000+0.0000000000j
Spin character
0.00000+0.00000j


