   1   1   1   1        2.4899559018
   2   1   1   1       -0.0520908135
   3   1   1   1       -0.0520904678
   4   1   1   1        0.0521063020
   1   2   1   1       -0.0520908135
   2   2   1   1        0.8974400829
   3   2   1   1       -0.0027175882
   4   2   1   1        0.0027099953
   1   3   1   1       -0.0520904678
   2   3   1   1       -0.0027175882
   3   3   1   1        0.8974496592
   4   3   1   1        0.0027091513
   1   4   1   1        0.0521063020
   2   4   1   1        0.0027099953
   3   4   1   1        0.0027091513
   4   4   1   1        0.8974710741
   1   1   2   1       -0.0520908135
   2   1   2   1        0.0124817606
   3   1   2   1        0.0037004322
   4   1   2   1       -0.0037013069
   1   2   2   1        0.0124817606
   2   2   2   1       -0.0253035266
   3   2   2   1        0.0026952741
   4   2   2   1       -0.0026957017
   1   3   2   1        0.0037004322
   2   3   2   1        0.0026952741
   3   3   2   1       -0.0026871795
   4   3   2   1        0.0016878241
   1   4   2   1       -0.0037013069
   2   4   2   1       -0.0026957017
   3   4   2   1        0.0016878241
   4   4   2   1       -0.0026933177
   1   1   3   1       -0.0520904678
   2   1   3   1        0.0037004322
   3   1   3   1        0.0124849680
   4   1   3   1       -0.0037016907
   1   2   3   1        0.0037004322
   2   2   3   1       -0.0026878911
   3   2   3   1        0.0026951810
   4   2   3   1        0.0016878609
   1   3   3   1        0.0124849680
   2   3   3   1        0.0026951810
   3   3   3   1       -0.0252971170
   4   3   3   1       -0.0026962592
   1   4   3   1       -0.0037016907
   2   4   3   1        0.0016878609
   3   4   3   1       -0.0026962592
   4   4   3   1       -0.0026928718
   1   1   4   1        0.0521063020
   2   1   4   1       -0.0037013069
   3   1   4   1       -0.0037016907
   4   1   4   1        0.0124876492
   1   2   4   1       -0.0037013069
   2   2   4   1        0.0026900880
   3   2   4   1        0.0016875989
   4   2   4   1        0.0026949168
   1   3   4   1       -0.0037016907
   2   3   4   1        0.0016875989
   3   3   4   1        0.0026912541
   4   3   4   1        0.0026948407
   1   4   4   1        0.0124876492
   2   4   4   1        0.0026949168
   3   4   4   1        0.0026948407
   4   4   4   1        0.0253208319
   1   1   1   2       -0.0520908135
   2   1   1   2        0.0124817606
   3   1   1   2        0.0037004322
   4   1   1   2       -0.0037013069
   1   2   1   2        0.0124817606
   2   2   1   2       -0.0253035266
   3   2   1   2        0.0026952741
   4   2   1   2       -0.0026957017
   1   3   1   2        0.0037004322
   2   3   1   2        0.0026952741
   3   3   1   2       -0.0026871795
   4   3   1   2        0.0016878241
   1   4   1   2       -0.0037013069
   2   4   1   2       -0.0026957017
   3   4   1   2        0.0016878241
   4   4   1   2       -0.0026933177
   1   1   2   2        0.8974400829
   2   1   2   2       -0.0253035265
   3   1   2   2       -0.0026878911
   4   1   2   2        0.0026900880
   1   2   2   2       -0.0253035265
   2   2   2   2        2.9497816994
   3   2   2   2       -0.0774812313
   4   2   2   2        0.0774717584
   1   3   2   2       -0.0026878911
   2   3   2   2       -0.0774812313
   3   3   2   2        1.0604812259
   4   3   2   2        0.0070202524
   1   4   2   2        0.0026900880
   2   4   2   2        0.0774717584
   3   4   2   2        0.0070202524
   4   4   2   2        1.0605982098
   1   1   3   2       -0.0027175882
   2   1   3   2        0.0026952741
   3   1   3   2        0.0026951810
   4   1   3   2        0.0016875989
   1   2   3   2        0.0026952741
   2   2   3   2       -0.0774812314
   3   2   3   2        0.0269479154
   4   2   3   2       -0.0046142800
   1   3   3   2        0.0026951810
   2   3   3   2        0.0269479154
   3   3   3   2       -0.0774718319
   4   3   3   2       -0.0046141967
   1   4   3   2        0.0016875989
   2   4   3   2       -0.0046142800
   3   4   3   2       -0.0046141967
   4   4   3   2       -0.0070358248
   1   1   4   2        0.0027099953
   2   1   4   2       -0.0026957017
   3   1   4   2        0.0016878609
   4   1   4   2        0.0026949168
   1   2   4   2       -0.0026957017
   2   2   4   2        0.0774717584
   3   2   4   2       -0.0046142800
   4   2   4   2        0.0269464340
   1   3   4   2        0.0016878609
   2   3   4   2       -0.0046142800
   3   3   4   2        0.0070222455
   4   3   4   2        0.0046111423
   1   4   4   2        0.0026949168
   2   4   4   2        0.0269464340
   3   4   4   2        0.0046111423
   4   4   4   2        0.0774127493
   1   1   1   3       -0.0520904678
   2   1   1   3        0.0037004322
   3   1   1   3        0.0124849680
   4   1   1   3       -0.0037016907
   1   2   1   3        0.0037004322
   2   2   1   3       -0.0026878911
   3   2   1   3        0.0026951810
   4   2   1   3        0.0016878609
   1   3   1   3        0.0124849680
   2   3   1   3        0.0026951810
   3   3   1   3       -0.0252971170
   4   3   1   3       -0.0026962592
   1   4   1   3       -0.0037016907
   2   4   1   3        0.0016878609
   3   4   1   3       -0.0026962592
   4   4   1   3       -0.0026928718
   1   1   2   3       -0.0027175882
   2   1   2   3        0.0026952741
   3   1   2   3        0.0026951810
   4   1   2   3        0.0016875989
   1   2   2   3        0.0026952741
   2   2   2   3       -0.0774812314
   3   2   2   3        0.0269479154
   4   2   2   3       -0.0046142800
   1   3   2   3        0.0026951810
   2   3   2   3        0.0269479154
   3   3   2   3       -0.0774718319
   4   3   2   3       -0.0046141967
   1   4   2   3        0.0016875989
   2   4   2   3       -0.0046142800
   3   4   2   3       -0.0046141967
   4   4   2   3       -0.0070358248
   1   1   3   3        0.8974496592
   2   1   3   3       -0.0026871796
   3   1   3   3       -0.0252971170
   4   1   3   3        0.0026912541
   1   2   3   3       -0.0026871796
   2   2   3   3        1.0604812259
   3   2   3   3       -0.0774718318
   4   2   3   3        0.0070222455
   1   3   3   3       -0.0252971170
   2   3   3   3       -0.0774718318
   3   3   3   3        2.9498096577
   4   3   3   3        0.0774678646
   1   4   3   3        0.0026912541
   2   4   3   3        0.0070222455
   3   4   3   3        0.0774678646
   4   4   3   3        1.0605975934
   1   1   4   3        0.0027091513
   2   1   4   3        0.0016878241
   3   1   4   3       -0.0026962592
   4   1   4   3        0.0026948407
   1   2   4   3        0.0016878241
   2   2   4   3        0.0070202523
   3   2   4   3       -0.0046141967
   4   2   4   3        0.0046111423
   1   3   4   3       -0.0026962592
   2   3   4   3       -0.0046141967
   3   3   4   3        0.0774678647
   4   3   4   3        0.0269445256
   1   4   4   3        0.0026948407
   2   4   4   3        0.0046111423
   3   4   4   3        0.0269445256
   4   4   4   3        0.0774113360
   1   1   1   4        0.0521063020
   2   1   1   4       -0.0037013069
   3   1   1   4       -0.0037016907
   4   1   1   4        0.0124876492
   1   2   1   4       -0.0037013069
   2   2   1   4        0.0026900880
   3   2   1   4        0.0016875989
   4   2   1   4        0.0026949168
   1   3   1   4       -0.0037016907
   2   3   1   4        0.0016875989
   3   3   1   4        0.0026912541
   4   3   1   4        0.0026948407
   1   4   1   4        0.0124876492
   2   4   1   4        0.0026949168
   3   4   1   4        0.0026948407
   4   4   1   4        0.0253208319
   1   1   2   4        0.0027099953
   2   1   2   4       -0.0026957017
   3   1   2   4        0.0016878609
   4   1   2   4        0.0026949168
   1   2   2   4       -0.0026957017
   2   2   2   4        0.0774717584
   3   2   2   4       -0.0046142800
   4   2   2   4        0.0269464340
   1   3   2   4        0.0016878609
   2   3   2   4       -0.0046142800
   3   3   2   4        0.0070222455
   4   3   2   4        0.0046111423
   1   4   2   4        0.0026949168
   2   4   2   4        0.0269464340
   3   4   2   4        0.0046111423
   4   4   2   4        0.0774127493
   1   1   3   4        0.0027091513
   2   1   3   4        0.0016878241
   3   1   3   4       -0.0026962592
   4   1   3   4        0.0026948407
   1   2   3   4        0.0016878241
   2   2   3   4        0.0070202523
   3   2   3   4       -0.0046141967
   4   2   3   4        0.0046111423
   1   3   3   4       -0.0026962592
   2   3   3   4       -0.0046141967
   3   3   3   4        0.0774678647
   4   3   3   4        0.0269445256
   1   4   3   4        0.0026948407
   2   4   3   4        0.0046111423
   3   4   3   4        0.0269445256
   4   4   3   4        0.0774113360
   1   1   4   4        0.8974710741
   2   1   4   4       -0.0026933177
   3   1   4   4       -0.0026928718
   4   1   4   4        0.0253208318
   1   2   4   4       -0.0026933177
   2   2   4   4        1.0605982098
   3   2   4   4       -0.0070358248
   4   2   4   4        0.0774127493
   1   3   4   4       -0.0026928718
   2   3   4   4       -0.0070358248
   3   3   4   4        1.0605975934
   4   3   4   4        0.0774113359
   1   4   4   4        0.0253208318
   2   4   4   4        0.0774127493
   3   4   4   4        0.0774113359
   4   4   4   4        2.9499090801
