   1   1   1   1        2.2465891276
   2   1   1   1       -0.0239377180
   3   1   1   1        0.0239497282
   4   1   1   1       -0.0239344581
   1   2   1   1       -0.0239377180
   2   2   1   1        0.7449791435
   3   2   1   1       -0.0106676338
   4   2   1   1        0.0106820045
   1   3   1   1        0.0239497282
   2   3   1   1       -0.0106676338
   3   3   1   1        0.7449356914
   4   3   1   1       -0.0106681080
   1   4   1   1       -0.0239344581
   2   4   1   1        0.0106820045
   3   4   1   1       -0.0106681080
   4   4   1   1        0.7449868910
   1   1   2   1       -0.0239377180
   2   1   2   1        0.0124291003
   3   1   2   1       -0.0035171925
   4   1   2   1        0.0035184001
   1   2   2   1        0.0124291003
   2   2   2   1        0.0124082590
   3   2   2   1       -0.0030362803
   4   2   2   1        0.0030377533
   1   3   2   1       -0.0035171925
   2   3   2   1       -0.0030362803
   3   3   2   1        0.0091607199
   4   3   2   1       -0.0002700720
   1   4   2   1        0.0035184001
   2   4   2   1        0.0030377533
   3   4   2   1       -0.0002700720
   4   4   2   1        0.0091595928
   1   1   3   1        0.0239497282
   2   1   3   1       -0.0035171925
   3   1   3   1        0.0124238548
   4   1   3   1       -0.0035168895
   1   2   3   1       -0.0035171925
   2   2   3   1       -0.0091495240
   3   2   3   1        0.0030365793
   4   2   3   1       -0.0002697558
   1   3   3   1        0.0124238548
   2   3   3   1        0.0030365793
   3   3   3   1       -0.0122914177
   4   3   3   1        0.0030359844
   1   4   3   1       -0.0035168895
   2   4   3   1       -0.0002697558
   3   4   3   1        0.0030359844
   4   4   3   1       -0.0091487210
   1   1   4   1       -0.0239344581
   2   1   4   1        0.0035184001
   3   1   4   1       -0.0035168895
   4   1   4   1        0.0124281162
   1   2   4   1        0.0035184001
   2   2   4   1        0.0091608183
   3   2   4   1       -0.0002699729
   4   2   4   1        0.0030375520
   1   3   4   1       -0.0035168895
   2   3   4   1       -0.0002699729
   3   3   4   1        0.0091606122
   4   3   4   1       -0.0030362546
   1   4   4   1        0.0124281162
   2   4   4   1        0.0030375520
   3   4   4   1       -0.0030362546
   4   4   4   1        0.0124103852
   1   1   1   2       -0.0239377180
   2   1   1   2        0.0124291003
   3   1   1   2       -0.0035171925
   4   1   1   2        0.0035184001
   1   2   1   2        0.0124291003
   2   2   1   2        0.0124082590
   3   2   1   2       -0.0030362803
   4   2   1   2        0.0030377533
   1   3   1   2       -0.0035171925
   2   3   1   2       -0.0030362803
   3   3   1   2        0.0091607199
   4   3   1   2       -0.0002700720
   1   4   1   2        0.0035184001
   2   4   1   2        0.0030377533
   3   4   1   2       -0.0002700720
   4   4   1   2        0.0091595928
   1   1   2   2        0.7449791435
   2   1   2   2        0.0124082590
   3   1   2   2       -0.0091495240
   4   1   2   2        0.0091608183
   1   2   2   2        0.0124082590
   2   2   2   2        2.7321643826
   3   2   2   2        0.0029442176
   4   2   2   2       -0.0028881412
   1   3   2   2       -0.0091495240
   2   3   2   2        0.0029442176
   3   3   2   2        0.8633816106
   4   3   2   2       -0.0120619892
   1   4   2   2        0.0091608183
   2   4   2   2       -0.0028881412
   3   4   2   2       -0.0120619892
   4   4   2   2        0.8633950754
   1   1   3   2       -0.0106676338
   2   1   3   2       -0.0030362803
   3   1   3   2        0.0030365793
   4   1   3   2       -0.0002699730
   1   2   3   2       -0.0030362803
   2   2   3   2        0.0029442176
   3   2   3   2        0.0193669147
   4   2   3   2       -0.0043046900
   1   3   3   2        0.0030365793
   2   3   3   2        0.0193669147
   3   3   3   2        0.0030099559
   4   3   3   2        0.0043056778
   1   4   3   2       -0.0002699730
   2   4   3   2       -0.0043046900
   3   4   3   2        0.0043056778
   4   4   3   2       -0.0120618189
   1   1   4   2        0.0106820045
   2   1   4   2        0.0030377533
   3   1   4   2       -0.0002697558
   4   1   4   2        0.0030375520
   1   2   4   2        0.0030377533
   2   2   4   2       -0.0028881412
   3   2   4   2       -0.0043046900
   4   2   4   2        0.0193649285
   1   3   4   2       -0.0002697558
   2   3   4   2       -0.0043046900
   3   3   4   2        0.0120759796
   4   3   4   2       -0.0043040380
   1   4   4   2        0.0030375520
   2   4   4   2        0.0193649285
   3   4   4   2       -0.0043040380
   4   4   4   2       -0.0028814761
   1   1   1   3        0.0239497282
   2   1   1   3       -0.0035171925
   3   1   1   3        0.0124238548
   4   1   1   3       -0.0035168895
   1   2   1   3       -0.0035171925
   2   2   1   3       -0.0091495240
   3   2   1   3        0.0030365793
   4   2   1   3       -0.0002697558
   1   3   1   3        0.0124238548
   2   3   1   3        0.0030365793
   3   3   1   3       -0.0122914177
   4   3   1   3        0.0030359844
   1   4   1   3       -0.0035168895
   2   4   1   3       -0.0002697558
   3   4   1   3        0.0030359844
   4   4   1   3       -0.0091487210
   1   1   2   3       -0.0106676338
   2   1   2   3       -0.0030362803
   3   1   2   3        0.0030365793
   4   1   2   3       -0.0002699730
   1   2   2   3       -0.0030362803
   2   2   2   3        0.0029442176
   3   2   2   3        0.0193669147
   4   2   2   3       -0.0043046900
   1   3   2   3        0.0030365793
   2   3   2   3        0.0193669147
   3   3   2   3        0.0030099559
   4   3   2   3        0.0043056778
   1   4   2   3       -0.0002699730
   2   4   2   3       -0.0043046900
   3   4   2   3        0.0043056778
   4   4   2   3       -0.0120618189
   1   1   3   3        0.7449356914
   2   1   3   3        0.0091607199
   3   1   3   3       -0.0122914177
   4   1   3   3        0.0091606122
   1   2   3   3        0.0091607199
   2   2   3   3        0.8633816106
   3   2   3   3        0.0030099559
   4   2   3   3        0.0120759796
   1   3   3   3       -0.0122914177
   2   3   3   3        0.0030099559
   3   3   3   3        2.7312960674
   4   3   3   3        0.0030083993
   1   4   3   3        0.0091606122
   2   4   3   3        0.0120759796
   3   4   3   3        0.0030083993
   4   4   3   3        0.8633795471
   1   1   4   3       -0.0106681080
   2   1   4   3       -0.0002700720
   3   1   4   3        0.0030359844
   4   1   4   3       -0.0030362546
   1   2   4   3       -0.0002700720
   2   2   4   3       -0.0120619892
   3   2   4   3        0.0043056778
   4   2   4   3       -0.0043040380
   1   3   4   3        0.0030359844
   2   3   4   3        0.0043056778
   3   3   4   3        0.0030083994
   4   3   4   3        0.0193659464
   1   4   4   3       -0.0030362546
   2   4   4   3       -0.0043040380
   3   4   4   3        0.0193659464
   4   4   4   3        0.0029389394
   1   1   1   4       -0.0239344581
   2   1   1   4        0.0035184001
   3   1   1   4       -0.0035168895
   4   1   1   4        0.0124281162
   1   2   1   4        0.0035184001
   2   2   1   4        0.0091608183
   3   2   1   4       -0.0002699729
   4   2   1   4        0.0030375520
   1   3   1   4       -0.0035168895
   2   3   1   4       -0.0002699729
   3   3   1   4        0.0091606122
   4   3   1   4       -0.0030362546
   1   4   1   4        0.0124281162
   2   4   1   4        0.0030375520
   3   4   1   4       -0.0030362546
   4   4   1   4        0.0124103852
   1   1   2   4        0.0106820045
   2   1   2   4        0.0030377533
   3   1   2   4       -0.0002697558
   4   1   2   4        0.0030375520
   1   2   2   4        0.0030377533
   2   2   2   4       -0.0028881412
   3   2   2   4       -0.0043046900
   4   2   2   4        0.0193649285
   1   3   2   4       -0.0002697558
   2   3   2   4       -0.0043046900
   3   3   2   4        0.0120759796
   4   3   2   4       -0.0043040380
   1   4   2   4        0.0030375520
   2   4   2   4        0.0193649285
   3   4   2   4       -0.0043040380
   4   4   2   4       -0.0028814761
   1   1   3   4       -0.0106681080
   2   1   3   4       -0.0002700720
   3   1   3   4        0.0030359844
   4   1   3   4       -0.0030362546
   1   2   3   4       -0.0002700720
   2   2   3   4       -0.0120619892
   3   2   3   4        0.0043056778
   4   2   3   4       -0.0043040380
   1   3   3   4        0.0030359844
   2   3   3   4        0.0043056778
   3   3   3   4        0.0030083994
   4   3   3   4        0.0193659464
   1   4   3   4       -0.0030362546
   2   4   3   4       -0.0043040380
   3   4   3   4        0.0193659464
   4   4   3   4        0.0029389394
   1   1   4   4        0.7449868910
   2   1   4   4        0.0091595928
   3   1   4   4       -0.0091487210
   4   1   4   4        0.0124103852
   1   2   4   4        0.0091595928
   2   2   4   4        0.8633950754
   3   2   4   4       -0.0120618189
   4   2   4   4       -0.0028814761
   1   3   4   4       -0.0091487210
   2   3   4   4       -0.0120618189
   3   3   4   4        0.8633795471
   4   3   4   4        0.0029389393
   1   4   4   4        0.0124103852
   2   4   4   4       -0.0028814761
   3   4   4   4        0.0029389393
   4   4   4   4        2.7321605381
